-4.072523886362587 -9.577500617477364 0.0
-3.5916561583402973 -4.651350977155449 2.0
-1.6214040669608 -10.069721594991861 0.0
-2.3525874242080946 -9.027459877413587 0.0
1.6906820416395945 -0.5219232465064635 1.0
2.5650489365727935 -2.901218810606525 1.0
-0.7366776147409742 -5.571972063343424 2.0
-0.09642857249561332 -3.8625043715317986 2.0
1.3703395559576776 -0.6402207124431334 1.0
-0.7010752103861793 -7.074656949986468 0.0
0.5488008407359211 -9.951351283444453 0.0
-2.433777851505784 -7.817763954226714 0.0
0.40447412621534395 -4.002705769879972 2.0
-1.637481481103932 0.6237420323569398 1.0
1.0567351290272406 -2.6990704714964124 1.0
1.818702930888635 -1.0896750171933234 1.0
-2.035318490657936 -10.094060687750131 0.0
1.403060829875483 -0.2692672647944696 1.0
-2.904110298987562 -11.668259895974371 0.0
-0.2615003320969449 -1.805879219035921 1.0
-0.7310514094078518 -3.906918431246174 2.0
-1.6092855640030042 -8.671913038469292 0.0
-0.28925106577637405 0.6011483260242492 1.0
-0.8249308105795254 -8.139177171656712 0.0
-1.149037128454788 -8.687148113236994 0.0
-1.8117827688183599 -3.2488046890523083 2.0
-0.8736459908538645 -5.186219583001165 2.0
1.053363051421349 -1.1265092366517324 1.0
-1.278472755146415 -2.6800730429973108 2.0
-2.7698530358658857 -9.74583818773049 0.0
-1.4338869241674423 -2.5899806249119246 2.0
1.1944018865123498 -1.9888716100184243 1.0
-0.6485103528093651 -9.477632898191981 0.0
-0.6141622324632918 -1.8515548405668858 2.0
-0.4119369545231215 -4.966035375705517 2.0
-1.0531801505830587 -11.433018368871846 0.0
-0.8911351936635288 -8.053859807635948 0.0
1.5321635740989825 -1.6451384793650674 1.0
2.446219644187055 -1.1377854420629026 1.0
-0.741560748229477 -2.002997026085335 1.0
-0.772851884426409 -4.5019352004166215 2.0
-0.215303533774023 -1.741400742032496 1.0
-1.635865021490581 -9.729468595837405 0.0
-2.46880321832154 -4.083907949385429 2.0
-1.7648049322067938 -3.0031003105991343 2.0
0.9852683622402224 -2.274074342122201 1.0
-2.9684280136454255 -3.011697909448951 2.0
-0.8806063884341744 -9.709467395624298 0.0
1.0828822126679656 -0.5949511558161249 1.0
-0.4397334175541494 -4.462075532760571 2.0
0.837695006838016 0.28295661338494393 1.0
2.1636307140070445 -8.462070977399886 0.0
-1.9916613133543684 -10.992886341517723 0.0
-1.0477727878797174 -3.910948236949788 2.0
-0.8065212240766519 -1.3740236898317002 1.0
-1.619861030740275 -9.036459420182998 0.0
0.9909327898940381 -1.43980862454152 1.0
-1.2364855945116011 -10.655297080811366 0.0
-2.6578301749463913 -4.56433074111202 2.0
-0.4409629623731587 -8.155731016951112 0.0
2.1333462817973845 -0.3462637824218434 1.0
-1.4998732606953835 -1.232106215589758 1.0
-2.578592905876038 -2.7330889823628848 2.0
-1.7203842634202482 -9.620420706800754 0.0
0.516310310122267 -0.7534628942957419 1.0
-1.9660147383415623 -8.596896267792268 0.0
-0.5502263718605838 -11.616615236870919 0.0
-0.9255120126258849 -1.18596284909732 2.0
-2.202115245062284 -9.645731242346029 0.0
-0.379336839139891 -3.6605605622342474 2.0
1.8217621885856121 -2.9963096407648604 1.0
-0.3881890187176811 -3.2929687461850494 2.0
-0.4141638014510941 -8.170851796815288 0.0
-1.1558211217290686 -3.4540432056965127 2.0
-1.4790446851079246 -9.562554962062778 0.0
-3.0635316858023587 -3.0704017768903933 2.0
-0.8434432881640432 -0.7370819619983977 2.0
-3.030764564507801 -0.5894494728828383 2.0
-1.939853593912176 -3.091734967654433 2.0
0.26017001011214536 -1.0416033894479322 1.0
-0.522991059012456 -0.9758063769530501 2.0
0.6617716867562705 -2.7110543554332844 1.0
1.1823195767561565 -1.363829743830806 1.0
-1.7718655296960684 -10.798931685910672 0.0
-1.5700904240231994 -10.02420345186139 0.0
0.6031544770005843 2.025462120388715 1.0
0.6653653544326069 0.9583598459321263 1.0
-1.7681711713181185 -3.9987450567218037 2.0
-1.0018414262143938 -3.5660443900806458 2.0
0.906891913789396 -1.6134520617266028 1.0
-1.3216507088382108 -9.139171758385844 0.0
0.48926519046489936 -2.3641837020841887 1.0
-3.0392897863211195 -2.147952470451833 2.0
-1.674554851392868 -9.559669664480854 0.0
-2.7554546208396387 -3.578404028238271 2.0
0.8095028716526849 -2.8025527514767816 1.0
-0.8967957648970422 -8.66868922836724 0.0
0.8040226632748788 -3.913871370547737 2.0
1.7409138463713285 -3.1843039904596804 1.0
-0.39054581344958006 -3.553027151063375 2.0
0.26095995394215876 -9.833936568892213 0.0
1.027443300352299 -3.016140383679547 1.0
0.13136641109532476 -3.066020987927186 2.0
-1.026590346876148 -8.9591784320712 0.0
-1.0454790557248275 -4.136907679114668 2.0
-0.9292550882766346 -2.9548312128699403 2.0
-3.8366079125070214 -9.363112533384692 0.0
-1.9475147150828733 -3.032930211116142 2.0
1.1826798548313064 -0.7127296597687601 1.0
-1.3001889785071339 -8.247724082966869 0.0
1.409595724195227 -1.6239004550731906 1.0
-2.2259417900161105 -3.3492480692656743 2.0
-0.49053886548430015 -10.524924395716694 0.0
-2.7003054163176214 -4.63519864445308 2.0
1.3459533724390105 0.7060425570048028 1.0
-0.6394506664329345 -9.036803617977156 0.0
-2.5983005364230762 -8.496403508604322 0.0
-1.7011637349659283 -2.5025354846792425 2.0
-0.7520764691439799 -10.789027854379768 0.0
0.30703104133790915 0.18572353552613552 1.0
1.623061008505316 -0.7166984589023346 1.0
-2.483743259405915 -3.0451869494102826 2.0
-2.6285421064255035 -1.7725904238637693 2.0
-0.1271709223983064 -1.9791298500296557 1.0
0.8115248340874343 -1.7086658688596117 1.0
-0.9868887545537279 -2.6396076000399797 2.0
-1.0107029825585645 -10.519693364650276 0.0
-0.5327830095654453 -1.648470813858502 1.0
-1.7851895300595775 -4.611100821012956 2.0
-1.7652075727209744 -9.11304244465004 0.0
-1.6806942630132653 -9.411661903838722 0.0
-0.7295907056490587 -8.709431808573711 0.0
-2.1506940106254424 -9.389379634113427 0.0
-2.729719993307169 -4.397760375990698 2.0
1.7548704798990944 -1.6710003297367444 1.0
1.6087638601809873 -1.3149588039951465 1.0
-0.7572648013747629 -9.348645979370342 0.0
-3.104959436763721 -8.38861021238191 0.0
-0.879142411326893 -8.886886149927594 0.0
-2.9375838950900235 -3.0679649886685287 2.0
-1.4725213596284852 -8.410627897604474 0.0
1.8541289299352854 -1.956226764348814 1.0
-1.1312825783840639 -1.0121809423319 1.0
0.10950366830654157 -2.6449861427690444 2.0
0.1554952379635559 -8.202695448733069 0.0
-0.6381941386075216 -9.431106241980576 0.0
-1.599392717901306 -6.7669157519743965 0.0
0.41558675416509505 -3.4408299432111846 2.0
-1.3334435743600714 -4.935518169174164 2.0
0.03306127041059237 -3.724923025253505 2.0
-1.8184465965090197 -4.522083572053996 2.0
-0.39019607566755665 -3.4204254190607792 1.0
1.9076323604128027 -0.671105011014282 1.0
-1.7041888399647613 -10.935219963304831 0.0
-2.772380045829258 -9.64264531890297 0.0
0.1007542797233636 -2.1885110341573015 1.0
-2.283300738821584 -4.707324406552562 2.0
-2.4272600250413014 -3.8188541600827093 2.0
-2.227460328633952 -10.101996252685092 0.0
-1.9465152275982551 -8.947659308624571 0.0
-1.562611765386739 -7.138540235111239 0.0
-0.7140907205500965 -10.107443048238965 0.0
-1.5197618932636607 -11.654568239240897 0.0
-0.04789388374022363 -11.942258713992134 0.0
-0.3436394145006696 -3.3710419546725414 2.0
-2.519925797419817 -1.7706474121270763 2.0
-0.1610126170106625 -2.00915932432169 1.0
-0.2212845714698657 0.002184267798341022 1.0
0.1661125402389173 -0.8475607917454071 1.0
-0.5490940785679227 -8.749188277551397 0.0
-0.7741899011580466 -2.3153757318292203 2.0
0.39329886929677804 -0.9864984769380305 1.0
-1.9496397202684412 -10.728468264146722 0.0
-2.185362061914876 -5.585501415325679 2.0
-0.7531518900395459 -10.36789975246353 0.0
3.0230643722407144 -2.4178882895534954 1.0
-0.08144117646374904 -1.7641357121460501 1.0
-1.3967963622649058 -3.5596542653203795 2.0
-1.6111876722401914 -3.1454606108625565 2.0
-2.4698918945207566 -9.026728181052649 0.0
-0.060504391882113095 -9.0760934134584 0.0
0.36980619554744554 -0.08657655153058141 1.0
2.159427101904014 -1.685557901217754 1.0
1.906327664996375 -2.4349972512190265 1.0
2.091001444594614 0.14391467798655388 1.0
2.0779300767981854 -1.6390047040702045 1.0
-1.6613241226062485 -2.5888818812106673 2.0
1.388622764159926 -1.435805900152804 1.0
-1.0656835793001072 -8.004444309697735 0.0
-1.0739062937681996 -1.7697120517614915 2.0
-0.19778484960796638 -2.036344079576439 1.0
0.6021205378582735 -9.931939347877512 0.0
2.395594034331941 -0.9757913446474589 1.0
1.1204104182314278 -2.182722337173451 1.0
-1.439511881449207 -3.813414939223534 2.0
-1.5232112205739916 -2.8309673118097693 2.0
-2.548212883003901 -2.1580266776051618 2.0
-2.163721508688541 -3.199786753554241 2.0
0.7166920766711702 -2.0047806639646906 1.0
0.32985003158364035 -2.406118787547902 2.0
0.4126526460327996 -0.9790489937952966 1.0
0.8255392209467272 -0.7171582598207131 1.0
1.3978581905137184 -11.028307273632054 0.0
2.1826329373041986 -0.9047320627498607 1.0
-3.422441158325076 -9.432907064143391 0.0
0.6105465113808914 -2.2133305991831276 1.0
2.0020705996595725 -0.49726328310935475 1.0
-2.7748429279824958 -2.880382080687176 2.0
-1.7497148785305128 -3.6478662100608066 2.0
3.0340252978355364 -8.619298442264666 0.0
1.573546437958592 -2.1760173107505345 1.0
-1.2800917076147489 -8.912005162685693 0.0
0.11700858981943085 -2.34035981906235 1.0
0.34395529823212 -0.8958179586421395 1.0
-0.10632088703654086 -9.769429556748875 0.0
0.3505500698979821 -1.6623777317818744 1.0
-2.3909517869653807 -10.435933359115365 0.0
-1.825030948118076 -4.62511698243744 2.0
0.6469974018481415 -9.01875099740631 0.0
-2.7335195187784285 -3.6357669520676703 2.0
-0.12118447355319728 -1.4074948127493967 1.0
-2.3939409453068787 -8.86022551667811 0.0
-0.9496746149068673 -0.9465396804355968 1.0
-0.06891556347962724 -4.511477854005166 2.0
-0.8496714489072332 -3.2735470080987907 2.0
1.778228446442414 -1.5380939987356788 1.0
-0.6977746638623283 -0.768615395465913 1.0
-2.0653664539184806 -9.471998849920183 0.0
-0.2817711453292435 -4.701316460629585 2.0
-3.605106003209797 -5.732011936834853 2.0
-1.3756195659996444 -3.4677237536786607 2.0
-2.8366907088737294 -8.59284787700799 0.0
-2.013621404593133 -10.456811884192184 0.0
-3.1985048815212487 -3.7166907035081898 2.0
0.6955540653927066 -0.7282066717043129 1.0
-2.0277729856559796 -3.3226244969528946 2.0
-0.7131473745858972 -3.531570103336954 2.0
-0.22971777628169487 -9.881622506833292 0.0
-1.4002443190415514 -10.00455826706002 0.0
0.103291123687 -2.94641705827452 2.0
-1.6573607971033715 -4.393845589655509 2.0
2.072843701688134 -2.0515258600498614 1.0
1.8641809097182465 -0.6313990819934866 1.0
-3.2415971444518767 -7.663731464162682 0.0
-0.1155015117301943 -11.334638978131718 0.0
1.3366699474938566 -2.821679564861624 1.0
-1.7911402122892592 -3.865098610674658 2.0
0.32824637497287923 -11.566613425924452 0.0
-0.7213654600708557 -3.040434330690166 2.0
1.108698121035979 -3.3027515268464027 1.0
